 -5.50520000e-02 -8.17140000e-02 -5.20500000e-02 -1.45370000e-02
 -1.13730000e-02 -1.08563000e-01 -3.43000000e-04 5.84440000e-02
 2.33050000e-02 -1.36448000e-01 4.66390000e-02 1.24430000e-01
 4.07410000e-02 -1.67481000e-01 7.86800000e-02 1.74642000e-01
 3.76380000e-02 -2.00663000e-01 8.94040000e-02 2.03178000e-01
 1.63900000e-02 -2.31712000e-01 7.77350000e-02 2.08039000e-01
 -1.55930000e-02 -2.53873000e-01 4.80700000e-02 1.91310000e-01
 -4.78280000e-02 -2.59513000e-01 9.12200000e-03 1.58461000e-01
 -6.94900000e-02 -2.42127000e-01 -2.82850000e-02 1.16942000e-01
 -7.22390000e-02 -1.98247000e-01 -5.39220000e-02 7.44250000e-02
 -5.24680000e-02 -1.28777000e-01 -6.07130000e-02 3.71000000e-02
 -1.23770000e-02 -3.93960000e-02 -4.65180000e-02 8.43800000e-03
 4.03770000e-02 6.01000000e-02 -1.46900000e-02 -1.13050000e-02
 9.44040000e-02 1.57415000e-01 2.67160000e-02 -2.47330000e-02
 1.37265000e-01 2.39974000e-01 6.69130000e-02 -3.62160000e-02
 1.58467000e-01 2.97267000e-01 9.50450000e-02 -5.03500000e-02
 1.52040000e-01 3.22786000e-01 1.02907000e-01 -7.03660000e-02
 1.18073000e-01 3.15136000e-01 8.70410000e-02 -9.69050000e-02
 6.28020000e-02 2.78068000e-01 4.96980000e-02 -1.27494000e-01
 -2.76000000e-03 2.19455000e-01 -1.57600000e-03 -1.56873000e-01
 -6.53480000e-02 1.49462000e-01 -5.56650000e-02 -1.78116000e-01
 -1.12522000e-01 7.83440000e-02 -1.00496000e-01 -1.84300000e-01
 -1.35538000e-01 1.43930000e-02 -1.25912000e-01 -1.70311000e-01
 -1.31347000e-01 -3.75010000e-02 -1.26131000e-01 -1.34340000e-01
 -1.03200000e-01 -7.63530000e-02 -1.01160000e-01 -7.86970000e-02
 -5.97440000e-02 -1.04583000e-01 -5.68350000e-02 -9.70000000e-03
 -1.28120000e-02 -1.26669000e-01 -3.44200000e-03 6.33680000e-02
 2.55550000e-02 -1.47330000e-01 4.67290000e-02 1.30017000e-01
 4.61030000e-02 -1.69727000e-01 8.23410000e-02 1.80634000e-01
 4.46520000e-02 -1.94164000e-01 9.57390000e-02 2.08423000e-01
 2.31060000e-02 -2.17635000e-01 8.47870000e-02 2.10741000e-01
 -1.10800000e-02 -2.34360000e-01 5.33670000e-02 1.89523000e-01
 -4.68470000e-02 -2.37198000e-01 1.03910000e-02 1.50693000e-01
 -7.24060000e-02 -2.19592000e-01 -3.24280000e-02 1.02706000e-01
 -7.83390000e-02 -1.77559000e-01 -6.35040000e-02 5.45630000e-02
 -6.01420000e-02 -1.11225000e-01 -7.43070000e-02 1.37850000e-02
 -1.95630000e-02 -2.54700000e-02 -6.15410000e-02 -1.51740000e-02
 3.56140000e-02 7.04980000e-02 -2.80340000e-02 -3.16950000e-02
 9.33170000e-02 1.64618000e-01 1.78880000e-02 -3.87590000e-02
 1.40050000e-01 2.44178000e-01 6.44280000e-02 -4.17940000e-02
 1.64184000e-01 2.98266000e-01 9.92340000e-02 -4.68850000e-02
 1.58862000e-01 3.19913000e-01 1.12515000e-01 -5.88390000e-02
 1.23789000e-01 3.07432000e-01 9.95640000e-02 -7.95880000e-02
 6.54620000e-02 2.64647000e-01 6.20620000e-02 -1.07370000e-01
 -4.26400000e-03 1.99951000e-01 7.80800000e-03 -1.36915000e-01
 -7.09120000e-02 1.24420000e-01 -5.10620000e-02 -1.60623000e-01
 -1.20790000e-01 4.94310000e-02 -1.00979000e-01 -1.70459000e-01
 -1.44224000e-01 -1.56670000e-02 -1.30239000e-01 -1.60097000e-01
 -1.37824000e-01 -6.52730000e-02 -1.31889000e-01 -1.26778000e-01
 -1.05223000e-01 -9.82670000e-02 -1.05494000e-01 -7.23880000e-02
 -5.60980000e-02 -1.17600000e-01 -5.73090000e-02 -3.46100000e-03
 -3.70200000e-03 -1.28876000e-01 1.19400000e-03 6.99460000e-02
 3.84770000e-02 -1.38330000e-01 5.60990000e-02 1.36266000e-01
 6.01060000e-02 -1.50706000e-01 9.44500000e-02 1.84865000e-01
 5.65970000e-02 -1.67629000e-01 1.07449000e-01 2.08336000e-01
 3.02450000e-02 -1.86887000e-01 9.26430000e-02 2.04091000e-01
 -1.03880000e-02 -2.02838000e-01 5.45430000e-02 1.74859000e-01
 -5.26920000e-02 -2.07849000e-01 3.51900000e-03 1.27970000e-01
 -8.32900000e-02 -1.94437000e-01 -4.67990000e-02 7.35720000e-02
 -9.15630000e-02 -1.57543000e-01 -8.29450000e-02 2.22420000e-02
 -7.25100000e-02 -9.63660000e-02 -9.50490000e-02 -1.74650000e-02
 -2.82350000e-02 -1.52580000e-02 -7.93830000e-02 -4.08830000e-02
 3.23650000e-02 7.66110000e-02 -3.93970000e-02 -4.81080000e-02
 9.56420000e-02 1.66781000e-01 1.50620000e-02 -4.36210000e-02
 1.46492000e-01 2.41907000e-01 7.01540000e-02 -3.48050000e-02
 1.72090000e-01 2.90504000e-01 1.11499000e-01 -2.97050000e-02
 1.65136000e-01 3.05368000e-01 1.27827000e-01 -3.46470000e-02
 1.25793000e-01 2.85120000e-01 1.13890000e-01 -5.23030000e-02
 6.17990000e-02 2.34468000e-01 7.19180000e-02 -8.07440000e-02
 -1.32760000e-02 1.63134000e-01 1.11960000e-02 -1.13733000e-01
 -8.32380000e-02 8.36780000e-02 -5.41280000e-02 -1.42216000e-01
 -1.33155000e-01 8.75000000e-03 -1.08493000e-01 -1.56645000e-01
 -1.52954000e-01 -5.15930000e-02 -1.38786000e-01 -1.49554000e-01
 -1.39836000e-01 -9.18490000e-02 -1.37633000e-01 -1.17737000e-01
 -9.88970000e-02 -1.11859000e-01 -1.05305000e-01 -6.34280000e-02
 -4.17960000e-02 -1.16248000e-01 -4.97170000e-02 5.81900000e-03
 1.62150000e-02 -1.12690000e-01 1.54720000e-02 7.85850000e-02
 6.01610000e-02 -1.09451000e-01 7.42350000e-02 1.42050000e-01
 7.91300000e-02 -1.12862000e-01 1.12165000e-01 1.84864000e-01
 6.90450000e-02 -1.25372000e-01 1.20099000e-01 1.99742000e-01
 3.36840000e-02 -1.44719000e-01 9.64500000e-02 1.85133000e-01
 -1.63020000e-02 -1.64423000e-01 4.76440000e-02 1.45542000e-01
 -6.61340000e-02 -1.75518000e-01 -1.34600000e-02 9.04100000e-02
 -1.00756000e-01 -1.69071000e-01 -7.08000000e-02 3.18340000e-02
 -1.08784000e-01 -1.38855000e-01 -1.09178000e-01 -1.83400000e-02
 -8.55750000e-02 -8.34680000e-02 -1.18149000e-01 -5.13010000e-02
 -3.46070000e-02 -7.32700000e-03 -9.47370000e-02 -6.32640000e-02
 3.32020000e-02 7.97720000e-02 -4.42930000e-02 -5.61660000e-02
 1.02081000e-01 1.64471000e-01 2.07760000e-02 -3.68870000e-02
 1.55285000e-01 2.32636000e-01 8.40680000e-02 -1.52190000e-02
 1.79288000e-01 2.72471000e-01 1.29316000e-01 -1.08500000e-03
 1.67236000e-01 2.77182000e-01 1.44525000e-01 -1.74700000e-03
 1.20780000e-01 2.46555000e-01 1.25083000e-01 -1.97170000e-02
 4.98070000e-02 1.87037000e-01 7.50310000e-02 -5.19280000e-02
 -2.98840000e-02 1.10279000e-01 6.15700000e-03 -9.03990000e-02
 -1.00406000e-01 3.04910000e-02 -6.48820000e-02 -1.24237000e-01
 -1.46153000e-01 -3.87550000e-02 -1.20704000e-01 -1.42486000e-01
 -1.57621000e-01 -8.75100000e-02 -1.47572000e-01 -1.37094000e-01
 -1.33726000e-01 -1.11477000e-01 -1.38888000e-01 -1.05222000e-01
 -8.20160000e-02 -1.12610000e-01 -9.69090000e-02 -5.03030000e-02
 -1.67220000e-02 -9.81460000e-02 -3.22420000e-02 1.84760000e-02
 4.48700000e-02 -7.83330000e-02 3.87800000e-02 8.81460000e-02
 8.68200000e-02 -6.34490000e-02 9.81970000e-02 1.44947000e-01
 9.85940000e-02 -6.08870000e-02 1.30959000e-01 1.77567000e-01
 7.77470000e-02 -7.30600000e-02 1.28766000e-01 1.79857000e-01
 3.05460000e-02 -9.66740000e-02 9.22120000e-02 1.52314000e-01
 -2.96420000e-02 -1.23581000e-01 3.06960000e-02 1.01952000e-01
 -8.57960000e-02 -1.42988000e-01 -3.99210000e-02 4.05920000e-02
 -1.21647000e-01 -1.44471000e-01 -1.01311000e-01 -1.80230000e-02
 -1.25945000e-01 -1.21013000e-01 -1.37341000e-01 -6.15610000e-02
 -9.54660000e-02 -7.12670000e-02 -1.38215000e-01 -8.20600000e-02
 -3.60060000e-02 -4.24000000e-04 -1.03033000e-01 -7.77540000e-02
 3.89330000e-02 8.05640000e-02 -4.01060000e-02 -5.33200000e-02
 1.11436000e-01 1.57270000e-01 3.50720000e-02 -1.84830000e-02
 1.63643000e-01 2.15052000e-01 1.03698000e-01 1.46630000e-02
 1.82258000e-01 2.42472000e-01 1.48410000e-01 3.49280000e-02
 1.61962000e-01 2.34050000e-01 1.57711000e-01 3.50440000e-02
 1.06844000e-01 1.91635000e-01 1.28936000e-01 1.36600000e-02
 2.94870000e-02 1.24048000e-01 6.89960000e-02 -2.42240000e-02
 -5.20960000e-02 4.50620000e-02 -7.30800000e-03 -6.85000000e-02
 -1.18902000e-01 -2.98010000e-02 -8.09810000e-02 -1.06564000e-01
 -1.55653000e-01 -8.68640000e-02 -1.33633000e-01 -1.26638000e-01
 -1.54583000e-01 -1.17398000e-01 -1.52141000e-01 -1.20947000e-01
 -1.17346000e-01 -1.19468000e-01 -1.32010000e-01 -8.79180000e-02
 -5.45600000e-02 -9.80760000e-02 -7.85530000e-02 -3.28360000e-02
 1.69250000e-02 -6.35640000e-02 -5.58200000e-03 3.32580000e-02
 7.83230000e-02 -2.87100000e-02 6.80740000e-02 9.61480000e-02
 1.13712000e-01 -5.25500000e-03 1.23350000e-01 1.41892000e-01
 1.14092000e-01 -7.61000000e-04 1.45812000e-01 1.60252000e-01
 7.96910000e-02 -1.66000000e-02 1.29373000e-01 1.47251000e-01
 1.99060000e-02 -4.76080000e-02 7.79010000e-02 1.06195000e-01
 -4.91000000e-02 -8.34890000e-02 4.29700000e-03 4.68940000e-02
 -1.08549000e-01 -1.11612000e-01 -7.27380000e-02 -1.67380000e-02
 -1.41898000e-01 -1.20492000e-01 -1.33433000e-01 -7.01000000e-02
 -1.39137000e-01 -1.03038000e-01 -1.61985000e-01 -1.01488000e-01
 -9.94530000e-02 -5.87250000e-02 -1.50609000e-01 -1.04936000e-01
 -3.15510000e-02 5.89300000e-03 -1.01582000e-01 -8.16020000e-02
 4.84450000e-02 7.85080000e-02 -2.67250000e-02 -3.93480000e-02
 1.21012000e-01 1.43893000e-01 5.55410000e-02 9.37800000e-03
 1.68141000e-01 1.87574000e-01 1.24824000e-01 5.08150000e-02
 1.77904000e-01 1.99405000e-01 1.63930000e-01 7.34710000e-02
 1.47516000e-01 1.76148000e-01 1.63224000e-01 7.11150000e-02
 8.40980000e-02 1.22394000e-01 1.23090000e-01 4.43790000e-02
 2.94100000e-03 4.95610000e-02 5.38580000e-02 5.97000000e-04
 -7.62990000e-02 -2.67750000e-02 -2.68130000e-02 -4.81240000e-02
 -1.34521000e-01 -9.05850000e-02 -9.84120000e-02 -8.80750000e-02
 -1.57970000e-01 -1.29198000e-01 -1.42804000e-01 -1.07560000e-01
 -1.41683000e-01 -1.36267000e-01 -1.48851000e-01 -1.00020000e-01
 -9.07100000e-02 -1.13156000e-01 -1.15274000e-01 -6.58560000e-02
 -1.88050000e-02 -6.83980000e-02 -5.09910000e-02 -1.24630000e-02
 5.50930000e-02 -1.53780000e-02 2.71410000e-02 4.75320000e-02
 1.11695000e-01 3.11740000e-02 9.86240000e-02 9.94190000e-02
 1.36281000e-01 5.89870000e-02 1.44569000e-01 1.30111000e-01
 1.22462000e-01 6.13680000e-02 1.52543000e-01 1.31495000e-01
 7.38120000e-02 3.88530000e-02 1.19802000e-01 1.02555000e-01
 2.96100000e-03 -1.03600000e-03 5.40500000e-02 4.97110000e-02
 -7.16270000e-02 -4.58540000e-02 -2.84600000e-02 -1.46990000e-02
 -1.30377000e-01 -8.16000000e-02 -1.07018000e-01 -7.54560000e-02
 -1.57618000e-01 -9.64910000e-02 -1.61699000e-01 -1.18214000e-01
 -1.45621000e-01 -8.41970000e-02 -1.78431000e-01 -1.33055000e-01
 -9.66220000e-02 -4.56630000e-02 -1.52592000e-01 -1.16928000e-01
 -2.23080000e-02 1.09460000e-02 -9.02170000e-02 -7.43650000e-02
 5.91030000e-02 7.21910000e-02 -6.50300000e-03 -1.62860000e-02
 1.27458000e-01 1.22711000e-01 7.80160000e-02 4.27930000e-02
 1.65768000e-01 1.49135000e-01 1.42647000e-01 8.84420000e-02
 1.64524000e-01 1.43565000e-01 1.71767000e-01 1.09949000e-01
 1.24118000e-01 1.05715000e-01 1.58754000e-01 1.02978000e-01
 5.47580000e-02 4.31680000e-02 1.07644000e-01 7.05830000e-02
 -2.61020000e-02 -3.03500000e-02 3.20590000e-02 2.23190000e-02
 -9.81750000e-02 -9.82470000e-02 -4.82890000e-02 -2.83130000e-02
 -1.43478000e-01 -1.45099000e-01 -1.12649000e-01 -6.74200000e-02
 -1.50878000e-01 -1.60400000e-01 -1.44541000e-01 -8.43650000e-02
 -1.18905000e-01 -1.41123000e-01 -1.35965000e-01 -7.45620000e-02
 -5.61040000e-02 -9.24140000e-02 -8.94490000e-02 -4.06890000e-02
 2.11460000e-02 -2.62630000e-02 -1.73900000e-02 7.97400000e-03
 9.28110000e-02 4.15070000e-02 6.11230000e-02 5.79450000e-02
 1.40306000e-01 9.51880000e-02 1.25210000e-01 9.50360000e-02
 1.51224000e-01 1.23056000e-01 1.57567000e-01 1.08076000e-01
 1.22497000e-01 1.20195000e-01 1.48929000e-01 9.18800000e-02
 6.11770000e-02 8.95680000e-02 1.00494000e-01 4.87160000e-02
 -1.73550000e-02 4.10670000e-02 2.36790000e-02 -1.21300000e-02
 -9.32970000e-02 -1.11930000e-02 -6.27320000e-02 -7.65730000e-02
 -1.47452000e-01 -5.26340000e-02 -1.37316000e-01 -1.29196000e-01
 -1.66105000e-01 -7.20680000e-02 -1.81429000e-01 -1.57080000e-01
 -1.44500000e-01 -6.46300000e-02 -1.83922000e-01 -1.53024000e-01
 -8.80380000e-02 -3.30500000e-02 -1.43965000e-01 -1.17354000e-01
 -1.08930000e-02 1.30670000e-02 -7.12540000e-02 -5.78530000e-02
 6.75890000e-02 5.97830000e-02 1.64340000e-02 1.21620000e-02
 1.27810000e-01 9.25220000e-02 9.77400000e-02 7.71300000e-02
 1.54890000e-01 9.99780000e-02 1.53100000e-01 1.23064000e-01
 1.42423000e-01 7.72230000e-02 1.69659000e-01 1.40940000e-01
 9.40870000e-02 2.72040000e-02 1.44460000e-01 1.28795000e-01
 2.26720000e-02 -3.97680000e-02 8.51060000e-02 9.20280000e-02
 -5.31950000e-02 -1.08428000e-01 7.74100000e-03 4.18310000e-02
 -1.13815000e-01 -1.62269000e-01 -6.71360000e-02 -7.82300000e-03
 -1.43436000e-01 -1.87629000e-01 -1.19948000e-01 -4.38550000e-02
 -1.34270000e-01 -1.77113000e-01 -1.37051000e-01 -5.74780000e-02
 -8.84780000e-02 -1.31497000e-01 -1.14220000e-01 -4.64260000e-02
 -1.76180000e-02 -5.96280000e-02 -5.77000000e-02 -1.54740000e-02
 6.02890000e-02 2.36680000e-02 1.74170000e-02 2.49010000e-02
 1.25331000e-01 1.01135000e-01 9.10840000e-02 6.13570000e-02
 1.60756000e-01 1.57204000e-01 1.43462000e-01 8.12790000e-02
 1.57217000e-01 1.81659000e-01 1.60023000e-01 7.62160000e-02
 1.15137000e-01 1.71926000e-01 1.35309000e-01 4.42480000e-02
 4.45930000e-02 1.33437000e-01 7.43730000e-02 -9.30600000e-03
 -3.72300000e-02 7.79940000e-02 -8.44900000e-03 -7.30580000e-02
 -1.10378000e-01 2.05740000e-02 -9.31300000e-02 -1.32282000e-01
 -1.57149000e-01 -2.45920000e-02 -1.58987000e-01 -1.72540000e-01
 -1.66521000e-01 -4.76640000e-02 -1.89879000e-01 -1.83282000e-01
 -1.36880000e-01 -4.56230000e-02 -1.78258000e-01 -1.60503000e-01
 -7.63430000e-02 -2.28710000e-02 -1.27031000e-01 -1.07798000e-01
 -6.38000000e-04 1.01270000e-02 -4.88010000e-02 -3.55440000e-02
 7.09430000e-02 3.98210000e-02 3.73500000e-02 4.15780000e-02
 1.20457000e-01 5.33600000e-02 1.10673000e-01 1.08097000e-01
 1.35853000e-01 4.22310000e-02 1.53958000e-01 1.51418000e-01
 1.13989000e-01 4.77200000e-03 1.57810000e-01 1.64725000e-01
 6.13670000e-02 -5.30820000e-02 1.22906000e-01 1.48400000e-01
 -7.59500000e-03 -1.19042000e-01 5.96900000e-02 1.09638000e-01
 -7.42970000e-02 -1.77391000e-01 -1.44120000e-02 6.03670000e-02
 -1.20741000e-01 -2.12864000e-01 -7.95210000e-02 1.40340000e-02
 -1.34155000e-01 -2.14505000e-01 -1.18431000e-01 -1.79030000e-02
 -1.10267000e-01 -1.78524000e-01 -1.21002000e-01 -2.88910000e-02
 -5.44140000e-02 -1.09427000e-01 -8.67340000e-02 -1.88450000e-02
 1.97880000e-02 -1.91290000e-02 -2.48440000e-02 6.00600000e-03
 9.38790000e-02 7.57290000e-02 4.81300000e-02 3.49530000e-02
 1.49211000e-01 1.57614000e-01 1.12603000e-01 5.58150000e-02
 1.71645000e-01 2.12105000e-01 1.50980000e-01 5.83510000e-02
 1.55100000e-01 2.31110000e-01 1.52181000e-01 3.71710000e-02
 1.03077000e-01 2.14488000e-01 1.14506000e-01 -6.60100000e-03
 2.77610000e-02 1.69719000e-01 4.61080000e-02 -6.53470000e-02
 -5.30390000e-02 1.09719000e-01 -3.70270000e-02 -1.26674000e-01
 -1.20343000e-01 4.94010000e-02 -1.15074000e-01 -1.76389000e-01
 -1.58715000e-01 1.86000000e-03 -1.69333000e-01 -2.01991000e-01
 -1.60046000e-01 -2.48410000e-02 -1.86879000e-01 -1.95793000e-01
 -1.25466000e-01 -2.94710000e-02 -1.63757000e-01 -1.56900000e-01
 -6.49220000e-02 -1.75840000e-02 -1.05906000e-01 -9.15330000e-02
 5.45800000e-03 3.32000000e-04 -2.75930000e-02 -1.16370000e-02
 6.75260000e-02 1.20210000e-02 5.22110000e-02 6.78900000e-02
 1.05737000e-01 7.07400000e-03 1.14602000e-01 1.32642000e-01
 1.11065000e-01 -1.99360000e-02 1.45447000e-01 1.71978000e-01
 8.32140000e-02 -6.76360000e-02 1.38825000e-01 1.81307000e-01
 3.06000000e-02 -1.27837000e-01 9.83660000e-02 1.62855000e-01
 -3.18950000e-02 -1.87345000e-01 3.61560000e-02 1.24748000e-01
 -8.68000000e-02 -2.31144000e-01 -3.04770000e-02 7.86720000e-02
 -1.18574000e-01 -2.46160000e-01 -8.34690000e-02 3.67450000e-02
 -1.17616000e-01 -2.24649000e-01 -1.08668000e-01 8.39900000e-03
 -8.27500000e-02 -1.66360000e-01 -9.94270000e-02 -1.93400000e-03
 -2.15740000e-02 -7.89030000e-02 -5.82610000e-02 4.25000000e-03
 5.14280000e-02 2.37600000e-02 3.85300000e-03 2.01950000e-02
 1.18496000e-01 1.24359000e-01 7.03290000e-02 3.59490000e-02
 1.63038000e-01 2.06126000e-01 1.23248000e-01 4.12760000e-02
 1.73765000e-01 2.56455000e-01 1.47948000e-01 2.86420000e-02
 1.47496000e-01 2.69528000e-01 1.36785000e-01 -4.49600000e-03
 8.99290000e-02 2.47268000e-01 9.11000000e-02 -5.47080000e-02
 1.42080000e-02 1.98444000e-01 2.09150000e-02 -1.13166000e-01
 -6.23530000e-02 1.36181000e-01 -5.75570000e-02 -1.67643000e-01
 -1.22536000e-01 7.45320000e-02 -1.25937000e-01 -2.05439000e-01
 -1.53423000e-01 2.49990000e-02 -1.68238000e-01 -2.16500000e-01
 -1.49474000e-01 -6.12000000e-03 -1.74790000e-01 -1.95940000e-01
 -1.13727000e-01 -1.89170000e-02 -1.44569000e-01 -1.45355000e-01
 -5.68550000e-02 -1.93160000e-02 -8.53510000e-02 -7.25850000e-02
 5.68200000e-03 -1.69610000e-02 -1.16850000e-02 9.99900000e-03
 5.76200000e-02 -2.21320000e-02 5.87910000e-02 8.82680000e-02
 8.60240000e-02 -4.25130000e-02 1.09752000e-01 1.49468000e-01
 8.45110000e-02 -8.06740000e-02 1.30184000e-01 1.84971000e-01
 5.47670000e-02 -1.32931000e-01 1.17007000e-01 1.91958000e-01
 6.00000000e-03 -1.89906000e-01 7.56510000e-02 1.73681000e-01
 -4.75200000e-02 -2.38644000e-01 1.85020000e-02 1.38256000e-01
 -9.01960000e-02 -2.65781000e-01 -3.83830000e-02 9.63460000e-02
 -1.09146000e-01 -2.60951000e-01 -7.94420000e-02 5.83390000e-02
 -9.75510000e-02 -2.19576000e-01 -9.35840000e-02 3.17340000e-02
 -5.64450000e-02 -1.44336000e-01 -7.69810000e-02 1.94130000e-02
 5.47500000e-03 -4.49280000e-02 -3.39910000e-02 1.91910000e-02
 7.39700000e-02 6.38270000e-02 2.40150000e-02 2.47420000e-02
 1.32776000e-01 1.65092000e-01 8.15920000e-02 2.76260000e-02
 1.67617000e-01 2.43574000e-01 1.23178000e-01 1.98740000e-02
 1.69722000e-01 2.88686000e-01 1.37058000e-01 -3.55700000e-03
 1.37973000e-01 2.96569000e-01 1.18343000e-01 -4.30960000e-02
 7.91580000e-02 2.70510000e-01 7.02260000e-02 -9.40830000e-02
 6.28700000e-03 2.19701000e-01 3.20900000e-03 -1.47639000e-01
 -6.45990000e-02 1.56698000e-01 -6.74880000e-02 -1.92664000e-01
 -1.18316000e-01 9.42350000e-02 -1.25670000e-01 -2.18476000e-01
 -1.44160000e-01 4.22100000e-02 -1.58124000e-01 -2.17422000e-01
 -1.38371000e-01 5.57800000e-03 -1.57812000e-01 -1.86828000e-01
 -1.04846000e-01 -1.63440000e-02 -1.25500000e-01 -1.29801000e-01
 -5.39540000e-02 -2.90310000e-02 -6.94630000e-02 -5.46800000e-02
 2.22000000e-04 -4.06390000e-02 -3.34100000e-03 2.67180000e-02
 4.35140000e-02 -5.92100000e-02 5.72830000e-02 1.01625000e-01
 6.52380000e-02 -8.99440000e-02 9.87180000e-02 1.59033000e-01
 6.08250000e-02 -1.33276000e-01 1.12469000e-01 1.91909000e-01
 3.28660000e-02 -1.84269000e-01 9.71860000e-02 1.98438000e-01
 -9.68000000e-03 -2.33489000e-01 5.88060000e-02 1.82003000e-01
 -5.38770000e-02 -2.69176000e-01 8.87300000e-03 1.49967000e-01
 -8.61990000e-02 -2.80142000e-01 -3.84960000e-02 1.11588000e-01
 -9.60510000e-02 -2.58701000e-01 -7.02530000e-02 7.56170000e-02
 -7.85340000e-02 -2.02856000e-01 -7.77210000e-02 4.81820000e-02
 -3.57710000e-02 -1.17224000e-01 -5.87510000e-02 3.14760000e-02
 2.35280000e-02 -1.24210000e-02 -1.82150000e-02 2.35540000e-02
 8.61520000e-02 9.69450000e-02 3.32780000e-02 1.92420000e-02
 1.37594000e-01 1.95198000e-01 8.21060000e-02 1.19180000e-02
 1.65588000e-01 2.68764000e-01 1.15081000e-01 -4.34900000e-03
 1.63088000e-01 3.08816000e-01 1.22784000e-01 -3.28360000e-02
 1.29974000e-01 3.12813000e-01 1.01934000e-01 -7.29250000e-02
 7.30760000e-02 2.84592000e-01 5.62310000e-02 -1.19876000e-01
 4.51600000e-03 2.33036000e-01 -4.53100000e-03 -1.65711000e-01
 -6.12040000e-02 1.69694000e-01 -6.68450000e-02 -2.00985000e-01
 -1.10650000e-01 1.05967000e-01 -1.16763000e-01 -2.17000000e-01
 -1.34582000e-01 5.05470000e-02 -1.43253000e-01 -2.07944000e-01
 -1.30021000e-01 7.74600000e-03 -1.40811000e-01 -1.72407000e-01
 -1.00746000e-01 -2.29340000e-02 -1.10705000e-01 -1.13918000e-01
 -5.61530000e-02 -4.59150000e-02 -6.05620000e-02 -4.03610000e-02
 -8.75500000e-03 -6.76380000e-02 -2.42300000e-03 3.75860000e-02
 2.90170000e-02 -9.41650000e-02 5.02330000e-02 1.08618000e-01
 4.79230000e-02 -1.28941000e-01 8.57630000e-02 1.63079000e-01
 4.41690000e-02 -1.71316000e-01 9.71160000e-02 1.94805000e-01
 2.02440000e-02 -2.16226000e-01 8.34180000e-02 2.02138000e-01
 -1.58240000e-02 -2.55134000e-01 5.00130000e-02 1.87891000e-01
 -5.26130000e-02 -2.78003000e-01 6.97100000e-03 1.58327000e-01
 -7.82980000e-02 -2.75812000e-01 -3.35380000e-02 1.21414000e-01
 -8.37270000e-02 -2.42996000e-01 -6.03350000e-02 8.48300000e-02
 -6.48360000e-02 -1.79179000e-01 -6.60450000e-02 5.41800000e-02
 -2.37810000e-02 -8.97710000e-02 -4.89120000e-02 3.18730000e-02
 3.14630000e-02 1.47460000e-02 -1.32020000e-02 1.68980000e-02
 8.89660000e-02 1.20702000e-01 3.18970000e-02 5.51900000e-03
 1.35682000e-01 2.13849000e-01 7.45930000e-02 -7.31400000e-03
 1.60588000e-01 2.82109000e-01 1.03436000e-01 -2.62180000e-02
 1.57340000e-01 3.17826000e-01 1.10185000e-01 -5.37690000e-02
 1.25821000e-01 3.19026000e-01 9.18640000e-02 -8.94330000e-02
 7.21900000e-02 2.89418000e-01 5.15390000e-02 -1.29331000e-01
 7.43800000e-03 2.37177000e-01 -2.39000000e-03 -1.66906000e-01
 -5.51840000e-02 1.72857000e-01 -5.81780000e-02 -1.94342000e-01
 -1.03260000e-01 1.06924000e-01 -1.03538000e-01 -2.04384000e-01
 -1.28056000e-01 4.75510000e-02 -1.28552000e-01 -1.92143000e-01
 -1.26449000e-01 -8.56000000e-04 -1.28005000e-01 -1.56420000e-01
 -1.01480000e-01 -3.80400000e-02 -1.02569000e-01 -1.00249000e-01
 -6.14150000e-02 -6.71730000e-02 -5.85790000e-02 -3.04980000e-02
 -1.75760000e-02 -9.32650000e-02 -6.45300000e-03 4.33790000e-02
 1.85430000e-02 -1.21136000e-01 4.18410000e-02 1.11158000e-01
 3.81280000e-02 -1.53523000e-01 7.56490000e-02 1.63832000e-01
 3.71890000e-02 -1.89817000e-01 8.81460000e-02 1.95298000e-01
 1.74740000e-02 -2.25768000e-01 7.78800000e-02 2.03398000e-01
 -1.40760000e-02 -2.54267000e-01 4.90020000e-02 1.90071000e-01
 -4.71680000e-02 -2.66997000e-01 1.01330000e-02 1.60628000e-01
 -7.08400000e-02 -2.56572000e-01 -2.78500000e-02 1.22330000e-01
 -7.63230000e-02 -2.18618000e-01 -5.45460000e-02 8.26290000e-02
 -5.93670000e-02 -1.53275000e-01 -6.26200000e-02 4.75010000e-02
 -2.14530000e-02 -6.57330000e-02 -4.96230000e-02 2.02490000e-02
 3.04130000e-02 3.43690000e-02 -1.85980000e-02 1.05500000e-03
 8.52690000e-02 1.34555000e-01 2.26710000e-02 -1.26390000e-02
 1.30778000e-01 2.21802000e-01 6.35800000e-02 -2.50440000e-02
 1.56171000e-01 2.84978000e-01 9.33210000e-02 -4.05220000e-02
 1.54858000e-01 3.16897000e-01 1.03561000e-01 -6.20680000e-02
 1.26056000e-01 3.15530000e-01 9.05350000e-02 -9.01570000e-02
 7.50550000e-02 2.84115000e-01 5.60300000e-02 -1.22273000e-01
 1.20330000e-02 2.30172000e-01 7.04000000e-03 -1.53254000e-01
 -5.02830000e-02 1.63681000e-01 -4.58560000e-02 -1.76374000e-01
 -9.95580000e-02 9.48620000e-02 -9.09730000e-02 -1.84928000e-01
 -1.26680000e-01 3.20900000e-02 -1.18293000e-01 -1.73930000e-01
 -1.27806000e-01 -1.95830000e-02 -1.21838000e-01 -1.41518000e-01
 -1.05132000e-01 -5.89830000e-02 -1.01092000e-01 -8.97080000e-02
 -6.62080000e-02 -8.83390000e-02 -6.11110000e-02 -2.42960000e-02
 -2.19760000e-02 -1.11980000e-01 -1.13120000e-02 4.60910000e-02
 1.59910000e-02 -1.34537000e-01 3.67900000e-02 1.11614000e-01
 3.83660000e-02 -1.59161000e-01 7.23310000e-02 1.63126000e-01
 4.03570000e-02 -1.86209000e-01 8.76890000e-02 1.93967000e-01
 2.28470000e-02 -2.12773000e-01 8.02800000e-02 2.01215000e-01
 -7.89400000e-03 -2.33166000e-01 5.31260000e-02 1.86127000e-01
 -4.18590000e-02 -2.40277000e-01 1.40660000e-02 1.53671000e-01
 -6.79010000e-02 -2.27453000e-01 -2.62140000e-02 1.11264000e-01
 -7.66440000e-02 -1.90449000e-01 -5.68460000e-02 6.70320000e-02
 -6.29770000e-02 -1.28951000e-01 -6.94870000e-02 2.79860000e-02
 -2.75110000e-02 -4.72600000e-02 -6.04180000e-02 -1.43800000e-03
 2.33730000e-02 4.60530000e-02 -3.15080000e-02 -2.01370000e-02
 7.89280000e-02 1.39500000e-01 1.02040000e-02 -3.02400000e-02
 1.26551000e-01 2.20741000e-01 5.42000000e-02 -3.61740000e-02
 1.54811000e-01 2.78924000e-01 8.90660000e-02 -4.31610000e-02
 1.56255000e-01 3.06763000e-01 1.05321000e-01 -5.55140000e-02
 1.29290000e-01 3.01886000e-01 9.78160000e-02 -7.52030000e-02
 7.86910000e-02 2.67161000e-01 6.70900000e-02 -1.01032000e-01
 1.45750000e-02 2.09917000e-01 1.93590000e-02 -1.28689000e-01
 -4.99180000e-02 1.40269000e-01 -3.48910000e-02 -1.51655000e-01
 -1.01671000e-01 6.89210000e-02 -8.33790000e-02 -1.62782000e-01
 -1.30659000e-01 4.98600000e-03 -1.14968000e-01 -1.56151000e-01
 -1.32263000e-01 -4.56950000e-02 -1.22371000e-01 -1.28756000e-01
 -1.08286000e-01 -8.13520000e-02 -1.03942000e-01 -8.15830000e-02
 -6.64070000e-02 -1.04044000e-01 -6.41230000e-02 -1.97840000e-02
 -1.82140000e-02 -1.18477000e-01 -1.24050000e-02 4.81300000e-02
 2.37170000e-02 -1.30207000e-01 3.89470000e-02 1.11918000e-01
 4.89610000e-02 -1.43711000e-01 7.78600000e-02 1.61697000e-01
 5.18410000e-02 -1.60827000e-01 9.53950000e-02 1.90020000e-01
 3.28230000e-02 -1.79974000e-01 8.79390000e-02 1.93429000e-01
 -1.63400000e-03 -1.96377000e-01 5.80890000e-02 1.73144000e-01
 -4.07550000e-02 -2.03247000e-01 1.40240000e-02 1.34682000e-01
 -7.22360000e-02 -1.93636000e-01 -3.25230000e-02 8.65300000e-02
 -8.54490000e-02 -1.62505000e-01 -6.91890000e-02 3.81470000e-02
 -7.42770000e-02 -1.08467000e-01 -8.60800000e-02 -2.18600000e-03
 -3.88350000e-02 -3.47560000e-02 -7.82960000e-02 -2.91890000e-02
 1.43410000e-02 5.08850000e-02 -4.72270000e-02 -4.16010000e-02
 7.37370000e-02 1.37403000e-01 -2.91000000e-04 -4.21810000e-02
 1.25589000e-01 2.12487000e-01 5.08430000e-02 -3.66780000e-02
 1.57226000e-01 2.65023000e-01 9.31190000e-02 -3.20580000e-02
 1.60236000e-01 2.87382000e-01 1.15358000e-01 -3.44180000e-02
 1.32621000e-01 2.77001000e-01 1.11101000e-01 -4.71490000e-02
 7.94350000e-02 2.36893000e-01 8.03190000e-02 -6.98170000e-02
 1.16920000e-02 1.74941000e-01 2.95480000e-02 -9.80700000e-02
 -5.61910000e-02 1.02146000e-01 -2.96100000e-02 -1.24615000e-01
 -1.09808000e-01 3.02380000e-02 -8.32730000e-02 -1.41049000e-01
 -1.38202000e-01 -3.07930000e-02 -1.18673000e-01 -1.40082000e-01
 -1.36476000e-01 -7.46580000e-02 -1.27319000e-01 -1.17600000e-01
 -1.06926000e-01 -9.97760000e-02 -1.07149000e-01 -7.40270000e-02
 -5.84090000e-02 -1.09099000e-01 -6.31010000e-02 -1.46210000e-02
 -4.09000000e-03 -1.08818000e-01 -5.96100000e-03 5.14240000e-02
 4.18800000e-02 -1.06319000e-01 5.02630000e-02 1.12865000e-01
 6.79260000e-02 -1.07897000e-01 9.17920000e-02 1.58875000e-01
 6.79670000e-02 -1.16838000e-01 1.08512000e-01 1.81474000e-01
 4.29450000e-02 -1.32366000e-01 9.65170000e-02 1.77353000e-01
 5.78000000e-04 -1.49739000e-01 5.91350000e-02 1.48616000e-01
 -4.66220000e-02 -1.61483000e-01 6.13600000e-03 1.02266000e-01
 -8.45730000e-02 -1.59469000e-01 -4.86780000e-02 4.85290000e-02
 -1.01287000e-01 -1.37300000e-01 -9.09310000e-02 -1.56600000e-03
 -9.00530000e-02 -9.23950000e-02 -1.09306000e-01 -3.87740000e-02
 -5.13190000e-02 -2.72080000e-02 -9.84600000e-02 -5.77390000e-02
 7.22600000e-03 5.07560000e-02 -6.04560000e-02 -5.81120000e-02
 7.24020000e-02 1.30204000e-01 -4.34700000e-03 -4.43860000e-02
 1.28723000e-01 1.98321000e-01 5.60170000e-02 -2.45100000e-02
 1.62228000e-01 2.43517000e-01 1.05417000e-01 -7.62900000e-03
 1.63998000e-01 2.58011000e-01 1.31095000e-01 -1.52300000e-03
 1.32476000e-01 2.39614000e-01 1.26013000e-01 -1.04220000e-02
 7.39970000e-02 1.92269000e-01 9.07130000e-02 -3.37370000e-02
 1.34900000e-03 1.25200000e-01 3.32920000e-02 -6.60920000e-02
 -6.92670000e-02 5.08560000e-02 -3.25250000e-02 -9.86220000e-02
 -1.22162000e-01 -1.78650000e-02 -9.07560000e-02 -1.21259000e-01
 -1.45983000e-01 -7.04400000e-02 -1.27146000e-01 -1.25420000e-01
 -1.36484000e-01 -1.00925000e-01 -1.32756000e-01 -1.06398000e-01
 -9.75410000e-02 -1.08999000e-01 -1.06263000e-01 -6.48540000e-02
 -4.01410000e-02 -9.96130000e-02 -5.43550000e-02 -6.98400000e-03
 2.04030000e-02 -8.13380000e-02 9.87700000e-03 5.67160000e-02
 6.83290000e-02 -6.38540000e-02 7.01940000e-02 1.13793000e-01
 9.14270000e-02 -5.52210000e-02 1.11278000e-01 1.52747000e-01
 8.41360000e-02 -5.96250000e-02 1.22614000e-01 1.65776000e-01
 4.89750000e-02 -7.62040000e-02 1.01198000e-01 1.50672000e-01
 -4.09800000e-03 -9.92430000e-02 5.23640000e-02 1.11386000e-01
 -6.02220000e-02 -1.19725000e-01 -1.14930000e-02 5.70960000e-02
 -1.03452000e-01 -1.27818000e-01 -7.39980000e-02 9.00000000e-06
 -1.20900000e-01 -1.15697000e-01 -1.18917000e-01 -4.75840000e-02
 -1.06133000e-01 -7.99360000e-02 -1.34291000e-01 -7.62530000e-02
 -6.09660000e-02 -2.28580000e-02 -1.15526000e-01 -8.16490000e-02
 4.83100000e-03 4.75600000e-02 -6.66480000e-02 -6.54400000e-02
 7.58560000e-02 1.19232000e-01 6.16000000e-04 -3.47250000e-02
 1.34872000e-01 1.78624000e-01 6.97210000e-02 -6.90000000e-05
 1.67120000e-01 2.13887000e-01 1.23435000e-01 2.73300000e-02
 1.64076000e-01 2.17689000e-01 1.48199000e-01 3.86280000e-02
 1.25674000e-01 1.89041000e-01 1.37584000e-01 2.97060000e-02
 6.04400000e-02 1.33646000e-01 9.39890000e-02 2.30900000e-03
 -1.65300000e-02 6.26560000e-02 2.81050000e-02 -3.63530000e-02
 -8.72680000e-02 -9.87000000e-03 -4.37150000e-02 -7.54470000e-02
 -1.35362000e-01 -7.02070000e-02 -1.03556000e-01 -1.03350000e-01
 -1.50033000e-01 -1.08096000e-01 -1.36464000e-01 -1.10744000e-01
 -1.28811000e-01 -1.19013000e-01 -1.34258000e-01 -9.31770000e-02
 -7.81340000e-02 -1.05004000e-01 -9.76460000e-02 -5.24240000e-02
 -1.17090000e-02 -7.39010000e-02 -3.61060000e-02 3.72900000e-03
 5.29720000e-02 -3.71020000e-02 3.44700000e-02 6.32510000e-02
 9.90740000e-02 -6.50000000e-03 9.57850000e-02 1.12753000e-01
 1.14706000e-01 8.66700000e-03 1.31789000e-01 1.40783000e-01
 9.59660000e-02 4.22900000e-03 1.32794000e-01 1.40697000e-01
 4.79530000e-02 -1.78450000e-02 9.80130000e-02 1.12373000e-01
 -1.65110000e-02 -5.00150000e-02 3.58410000e-02 6.23250000e-02
 -8.01430000e-02 -8.12190000e-02 -3.81910000e-02 2.15800000e-03
 -1.25632000e-01 -9.98990000e-02 -1.05306000e-01 -5.42430000e-02
 -1.40099000e-01 -9.72110000e-02 -1.48229000e-01 -9.41130000e-02
 -1.18477000e-01 -6.95920000e-02 -1.55592000e-01 -1.08926000e-01
 -6.49130000e-02 -2.00020000e-02 -1.24881000e-01 -9.64610000e-02
 8.16400000e-03 4.25110000e-02 -6.31560000e-02 -6.12730000e-02
 8.31000000e-02 1.04835000e-01 1.46570000e-02 -1.34730000e-02
 1.41429000e-01 1.52934000e-01 8.94840000e-02 3.39080000e-02
 1.68538000e-01 1.75316000e-01 1.42890000e-01 6.82750000e-02
 1.57394000e-01 1.65958000e-01 1.61749000e-01 8.07020000e-02
 1.10388000e-01 1.25938000e-01 1.41579000e-01 6.82230000e-02
 3.88040000e-02 6.33390000e-02 8.77090000e-02 3.45700000e-02
 -3.99610000e-02 -8.57100000e-03 1.39550000e-02 -1.08110000e-02
 -1.06734000e-01 -7.44550000e-02 -6.08680000e-02 -5.52380000e-02
 -1.45377000e-01 -1.20551000e-01 -1.17721000e-01 -8.61250000e-02
 -1.46846000e-01 -1.37943000e-01 -1.42194000e-01 -9.43070000e-02
 -1.11469000e-01 -1.24635000e-01 -1.28199000e-01 -7.65150000e-02
 -4.88650000e-02 -8.59210000e-02 -7.95580000e-02 -3.63380000e-02
 2.45020000e-02 -3.29410000e-02 -9.06100000e-03 1.65830000e-02
 8.95020000e-02 2.01930000e-02 6.47700000e-02 6.89390000e-02
 1.29210000e-01 5.99950000e-02 1.22403000e-01 1.07121000e-01
 1.33228000e-01 7.70020000e-02 1.48310000e-01 1.20718000e-01
 1.00352000e-01 6.81140000e-02 1.34987000e-01 1.05249000e-01
 3.89070000e-02 3.72810000e-02 8.49490000e-02 6.34180000e-02
 -3.53450000e-02 -5.63500000e-03 1.01880000e-02 4.56700000e-03
 -1.03211000e-01 -4.75280000e-02 -7.08040000e-02 -5.75610000e-02
 -1.46956000e-01 -7.55710000e-02 -1.37682000e-01 -1.08199000e-01
 -1.54851000e-01 -8.06660000e-02 -1.73397000e-01 -1.35203000e-01
 -1.24207000e-01 -5.99470000e-02 -1.68553000e-01 -1.32086000e-01
 -6.21190000e-02 -1.76650000e-02 -1.23829000e-01 -9.96290000e-02
 1.62740000e-02 3.57810000e-02 -4.98690000e-02 -4.56850000e-02
 9.15920000e-02 8.64460000e-02 3.53580000e-02 1.67910000e-02
 1.45106000e-01 1.20407000e-01 1.11071000e-01 7.29850000e-02
 1.63492000e-01 1.27406000e-01 1.58909000e-01 1.09923000e-01
 1.42228000e-01 1.03621000e-01 1.67560000e-01 1.19687000e-01
 8.67700000e-02 5.28470000e-02 1.35617000e-01 1.01326000e-01
 1.11920000e-02 -1.42370000e-02 7.19040000e-02 6.09920000e-02
 -6.53620000e-02 -8.25590000e-02 -6.78000000e-03 1.02530000e-02
 -1.23522000e-01 -1.36287000e-01 -7.99700000e-02 -3.69640000e-02
 -1.48611000e-01 -1.62702000e-01 -1.28768000e-01 -6.80260000e-02
 -1.34379000e-01 -1.55343000e-01 -1.40682000e-01 -7.48950000e-02
 -8.46030000e-02 -1.15619000e-01 -1.12840000e-01 -5.62310000e-02
 -1.21470000e-02 -5.24880000e-02 -5.27360000e-02 -1.77450000e-02
 6.43050000e-02 1.97310000e-02 2.36760000e-02 2.92880000e-02
 1.24985000e-01 8.48690000e-02 9.60630000e-02 7.09800000e-02
 1.54078000e-01 1.28847000e-01 1.44934000e-01 9.44940000e-02
 1.43755000e-01 1.43073000e-01 1.56671000e-01 9.14760000e-02
 9.61880000e-02 1.26432000e-01 1.27079000e-01 6.03630000e-02
 2.30300000e-02 8.53660000e-02 6.25440000e-02 6.97200000e-03
 -5.75270000e-02 3.20610000e-02 -2.15050000e-02 -5.68070000e-02
 -1.25346000e-01 -1.88170000e-02 -1.04448000e-01 -1.15887000e-01
 -1.63446000e-01 -5.39800000e-02 -1.65667000e-01 -1.55716000e-01
 -1.62310000e-01 -6.49710000e-02 -1.89760000e-01 -1.65923000e-01
 -1.22293000e-01 -5.03390000e-02 -1.70458000e-01 -1.42950000e-01
 -5.35320000e-02 -1.59630000e-02 -1.12228000e-01 -9.09950000e-02
 2.66360000e-02 2.65600000e-02 -2.91720000e-02 -2.10390000e-02
 9.80730000e-02 6.30370000e-02 5.85200000e-02 5.18150000e-02
 1.42963000e-01 8.05330000e-02 1.29652000e-01 1.12025000e-01
 1.50331000e-01 7.09270000e-02 1.67355000e-01 1.47366000e-01
 1.18825000e-01 3.32740000e-02 1.63309000e-01 1.51836000e-01
 5.70390000e-02 -2.56750000e-02 1.19792000e-01 1.26972000e-01
 -1.86880000e-02 -9.29380000e-02 4.90240000e-02 8.12590000e-02
 -8.84600000e-02 -1.52411000e-01 -3.00100000e-02 2.77930000e-02
 -1.33911000e-01 -1.88840000e-01 -9.64630000e-02 -1.91830000e-02
 -1.42914000e-01 -1.91669000e-01 -1.32976000e-01 -4.79920000e-02
 -1.12699000e-01 -1.57768000e-01 -1.30139000e-01 -5.25110000e-02
 -5.05880000e-02 -9.23740000e-02 -8.88960000e-02 -3.36820000e-02
 2.78310000e-02 -7.96000000e-03 -2.02970000e-02 8.41000000e-04
 1.02650000e-01 7.86580000e-02 5.73430000e-02 3.88190000e-02
 1.54680000e-01 1.50294000e-01 1.23159000e-01 6.67590000e-02
 1.70329000e-01 1.93422000e-01 1.59112000e-01 7.36120000e-02
 1.45056000e-01 2.01285000e-01 1.54657000e-01 5.38450000e-02
 8.45420000e-02 1.75301000e-01 1.09509000e-01 9.11600000e-03
 3.27700000e-03 1.24434000e-01 3.38010000e-02 -5.19140000e-02
 -7.90830000e-02 6.27100000e-02 -5.44210000e-02 -1.15587000e-01
 -1.42657000e-01 5.52100000e-03 -1.33712000e-01 -1.66579000e-01
 -1.72327000e-01 -3.43210000e-02 -1.84626000e-01 -1.91714000e-01
 -1.61503000e-01 -4.97750000e-02 -1.94610000e-01 -1.83302000e-01
 -1.13727000e-01 -4.12040000e-02 -1.61163000e-01 -1.41142000e-01
 -4.17040000e-02 -1.60210000e-02 -9.24540000e-02 -7.26960000e-02
 3.59780000e-02 1.35240000e-02 -5.24700000e-03 8.63300000e-03
 9.96120000e-02 3.38450000e-02 7.93330000e-02 8.66690000e-02
 1.33378000e-01 3.38890000e-02 1.41117000e-01 1.46299000e-01
 1.29353000e-01 8.35800000e-03 1.65941000e-01 1.77005000e-01
 8.94790000e-02 -4.05610000e-02 1.49140000e-01 1.75217000e-01
 2.50070000e-02 -1.03432000e-01 9.66210000e-02 1.44917000e-01
 -4.64350000e-02 -1.65728000e-01 2.32410000e-02 9.63550000e-02
 -1.05394000e-01 -2.11381000e-01 -5.10850000e-02 4.32360000e-02
 -1.35613000e-01 -2.26841000e-01 -1.06534000e-01 -8.97000000e-04
 -1.28229000e-01 -2.04597000e-01 -1.28477000e-01 -2.61350000e-02
 -8.40810000e-02 -1.45284000e-01 -1.11221000e-01 -2.86650000e-02
 -1.35490000e-02 -5.78120000e-02 -5.94520000e-02 -1.15730000e-02
 6.60410000e-02 4.25240000e-02 1.29980000e-02 1.61760000e-02
 1.34776000e-01 1.37487000e-01 8.67200000e-02 4.23240000e-02
 1.75186000e-01 2.10059000e-01 1.41734000e-01 5.47780000e-02
 1.76654000e-01 2.48283000e-01 1.62641000e-01 4.50390000e-02
 1.38099000e-01 2.47844000e-01 1.42609000e-01 1.07100000e-02
 6.82620000e-02 2.12764000e-01 8.51830000e-02 -4.35860000e-02
 -1.64830000e-02 1.54071000e-01 3.44800000e-03 -1.07116000e-01
 -9.62220000e-02 8.67990000e-02 -8.32230000e-02 -1.65559000e-01
 -1.52462000e-01 2.61090000e-02 -1.54017000e-01 -2.04520000e-01
 -1.72707000e-01 -1.64810000e-02 -1.91891000e-01 -2.13125000e-01
 -1.53492000e-01 -3.58010000e-02 -1.87828000e-01 -1.86817000e-01
 -1.01125000e-01 -3.39910000e-02 -1.43058000e-01 -1.28618000e-01
 -2.99630000e-02 -1.95030000e-02 -6.86970000e-02 -4.85540000e-02
 4.13280000e-02 -4.42900000e-03 1.70920000e-02 3.86230000e-02
 9.45590000e-02 -8.72000000e-04 9.36910000e-02 1.16845000e-01
 1.16646000e-01 -1.73230000e-02 1.43193000e-01 1.72422000e-01
 1.02884000e-01 -5.59920000e-02 1.54842000e-01 1.97101000e-01
 5.80680000e-02 -1.11817000e-01 1.27619000e-01 1.89753000e-01
 -4.83100000e-03 -1.73423000e-01 7.03470000e-02 1.56277000e-01
 -6.80670000e-02 -2.25802000e-01 -7.07000000e-04 1.07798000e-01
 -1.13737000e-01 -2.54049000e-01 -6.60940000e-02 5.76240000e-02
 -1.28425000e-01 -2.47212000e-01 -1.08212000e-01 1.77780000e-02
 -1.06693000e-01 -2.01269000e-01 -1.15829000e-01 -4.02500000e-03
 -5.25350000e-02 -1.20477000e-01 -8.69350000e-02 -6.17500000e-03
 2.15710000e-02 -1.67250000e-02 -2.92170000e-02 6.68600000e-03
 9.77690000e-02 9.29570000e-02 4.19460000e-02 2.51970000e-02
 1.57291000e-01 1.90131000e-01 1.07461000e-01 3.80610000e-02
 1.85165000e-01 2.59013000e-01 1.49438000e-01 3.53420000e-02
 1.73963000e-01 2.89878000e-01 1.55788000e-01 1.14050000e-02
 1.25658000e-01 2.80976000e-01 1.23350000e-01 -3.32570000e-02
 5.11280000e-02 2.38523000e-01 5.87410000e-02 -9.18150000e-02
 -3.25550000e-02 1.74807000e-01 -2.32620000e-02 -1.52563000e-01
 -1.06356000e-01 1.04918000e-01 -1.03407000e-01 -2.01687000e-01
 -1.53963000e-01 4.29480000e-02 -1.62756000e-01 -2.26659000e-01
 -1.65743000e-01 -1.37100000e-03 -1.87394000e-01 -2.19384000e-01
 -1.40988000e-01 -2.47540000e-02 -1.71846000e-01 -1.78323000e-01
 -8.79020000e-02 -3.06770000e-02 -1.20368000e-01 -1.09049000e-01
 -2.13640000e-02 -2.78670000e-02 -4.57990000e-02 -2.30910000e-02
 4.09630000e-02 -2.74150000e-02 3.37180000e-02 6.46370000e-02
 8.31590000e-02 -3.92810000e-02 9.93090000e-02 1.39186000e-01
 9.50670000e-02 -6.91320000e-02 1.36057000e-01 1.88885000e-01
 7.48050000e-02 -1.16340000e-01 1.36644000e-01 2.07803000e-01
 2.91280000e-02 -1.73706000e-01 1.03030000e-01 1.96770000e-01
 -2.84110000e-02 -2.28971000e-01 4.57710000e-02 1.62754000e-01
 -8.10420000e-02 -2.67771000e-01 -1.88240000e-02 1.16779000e-01
 -1.13146000e-01 -2.77271000e-01 -7.29610000e-02 7.09440000e-02
 -1.14333000e-01 -2.49575000e-01 -1.01945000e-01 3.53190000e-02
 -8.21680000e-02 -1.84033000e-01 -9.79340000e-02 1.55080000e-02
 -2.28730000e-02 -8.78420000e-02 -6.19000000e-02 1.14700000e-02
 5.01630000e-02 2.52160000e-02 -3.33400000e-03 1.78920000e-02
 1.19693000e-01 1.37610000e-01 6.22300000e-02 2.59660000e-02
 1.68892000e-01 2.31800000e-01 1.17216000e-01 2.60980000e-02
 1.85530000e-01 2.93947000e-01 1.46508000e-01 1.08120000e-02
 1.65003000e-01 3.16741000e-01 1.41318000e-01 -2.28960000e-02
 1.11462000e-01 3.00643000e-01 1.01445000e-01 -7.23950000e-02
 3.67690000e-02 2.53308000e-01 3.53550000e-02 -1.29740000e-01
 -4.24270000e-02 1.87361000e-01 -4.19040000e-02 -1.83413000e-01
 -1.08772000e-01 1.17116000e-01 -1.12438000e-01 -2.21056000e-01
 -1.48407000e-01 5.50900000e-02 -1.59927000e-01 -2.32502000e-01
 -1.54240000e-01 9.17900000e-03 -1.73623000e-01 -2.12349000e-01
 -1.27506000e-01 -1.88230000e-02 -1.50939000e-01 -1.61436000e-01
 -7.72230000e-02 -3.30080000e-02 -9.79820000e-02 -8.68460000e-02
 -1.77350000e-02 -4.15790000e-02 -2.79330000e-02 -4.42000000e-04
 3.50290000e-02 -5.39920000e-02 4.23060000e-02 8.37120000e-02
 6.76270000e-02 -7.78190000e-02 9.63330000e-02 1.52406000e-01
 7.24660000e-02 -1.16152000e-01 1.22278000e-01 1.96079000e-01
 4.96340000e-02 -1.66256000e-01 1.15636000e-01 2.10685000e-01
 6.74600000e-03 -2.19843000e-01 8.02080000e-02 1.98215000e-01
 -4.31290000e-02 -2.64893000e-01 2.69540000e-02 1.65770000e-01
 -8.49160000e-02 -2.88600000e-01 -2.89440000e-02 1.23486000e-01
 -1.05478000e-01 -2.80677000e-01 -7.20260000e-02 8.18330000e-02
 -9.70510000e-02 -2.36192000e-01 -9.05170000e-02 4.89990000e-02
 -5.93130000e-02 -1.57206000e-01 -7.92980000e-02 2.90120000e-02
 4.39000000e-04 -5.27950000e-02 -4.11620000e-02 2.10350000e-02
 6.90250000e-02 6.25970000e-02 1.39550000e-02 2.00020000e-02
 1.30603000e-01 1.72050000e-01 7.15440000e-02 1.83780000e-02
 1.70550000e-01 2.59664000e-01 1.16230000e-01 8.56400000e-03
 1.79053000e-01 3.13778000e-01 1.35686000e-01 -1.46880000e-02
 1.53502000e-01 3.29200000e-01 1.23752000e-01 -5.24960000e-02
 9.91170000e-02 3.07908000e-01 8.20050000e-02 -1.01165000e-01
 2.76570000e-02 2.58120000e-01 1.93840000e-02 -1.52788000e-01
 -4.54410000e-02 1.91995000e-01 -5.00110000e-02 -1.96984000e-01
 -1.04786000e-01 1.22577000e-01 -1.10380000e-01 -2.23355000e-01
 -1.38681000e-01 6.07420000e-02 -1.48079000e-01 -2.24032000e-01
 -1.41813000e-01 1.29160000e-02 -1.54915000e-01 -1.95695000e-01
 -1.16322000e-01 -1.99160000e-02 -1.30058000e-01 -1.40559000e-01
 -7.10350000e-02 -4.17090000e-02 -8.01340000e-02 -6.60770000e-02
 -1.90590000e-02 -5.95360000e-02 -1.74830000e-02 1.65530000e-02
 2.56200000e-02 -8.09980000e-02 4.29440000e-02 9.47370000e-02
 5.16820000e-02 -1.11534000e-01 8.72850000e-02 1.57110000e-01
 5.32820000e-02 -1.52389000e-01 1.06116000e-01 1.95823000e-01
 3.14120000e-02 -1.99766000e-01 9.66470000e-02 2.07959000e-01
 -6.47500000e-03 -2.45400000e-01 6.32360000e-02 1.95780000e-01
 -4.84940000e-02 -2.78433000e-01 1.61130000e-02 1.65775000e-01
 -8.14580000e-02 -2.88107000e-01 -3.13260000e-02 1.26797000e-01
 -9.43240000e-02 -2.66612000e-01 -6.59710000e-02 8.77650000e-02
 -8.10970000e-02 -2.11356000e-01 -7.83200000e-02 5.55190000e-02
 -4.24460000e-02 -1.26083000e-01 -6.48510000e-02 3.33380000e-02
 1.43430000e-02 -2.05370000e-02 -2.88580000e-02 2.04880000e-02
 7.70740000e-02 9.12700000e-02 2.04250000e-02 1.28430000e-02
 1.31572000e-01 1.93790000e-01 7.01840000e-02 4.42100000e-03
 1.65115000e-01 2.73021000e-01 1.07267000e-01 -1.06230000e-02
 1.69513000e-01 3.19237000e-01 1.21487000e-01 -3.60470000e-02
 1.43092000e-01 3.28723000e-01 1.08173000e-01 -7.21450000e-02
 9.10990000e-02 3.04156000e-01 6.93460000e-02 -1.15297000e-01
 2.44340000e-02 2.53564000e-01 1.32370000e-02 -1.58571000e-01
 -4.29460000e-02 1.88176000e-01 -4.77070000e-02 -1.93230000e-01
 -9.73380000e-02 1.19709000e-01 -9.98420000e-02 -2.10786000e-01
 -1.28473000e-01 5.77590000e-02 -1.31610000e-01 -2.05087000e-01
 -1.31828000e-01 7.93300000e-03 -1.36280000e-01 -1.73930000e-01
 -1.09497000e-01 -2.88700000e-02 -1.13500000e-01 -1.19799000e-01
 -6.94500000e-02 -5.58940000e-02 -6.92780000e-02 -4.95550000e-02
 -2.33790000e-02 -7.88880000e-02 -1.44340000e-02 2.68690000e-02
 1.63140000e-02 -1.03866000e-01 3.80840000e-02 9.84570000e-02
 3.96360000e-02 -1.34866000e-01 7.63610000e-02 1.55308000e-01
 4.14520000e-02 -1.72324000e-01 9.23520000e-02 1.90560000e-01
 2.26780000e-02 -2.12485000e-01 8.37370000e-02 2.01581000e-01
 -1.00670000e-02 -2.48027000e-01 5.43400000e-02 1.90199000e-01
 -4.62510000e-02 -2.69747000e-01 1.30330000e-02 1.61934000e-01
 -7.41900000e-02 -2.68885000e-01 -2.85760000e-02 1.24460000e-01
 -8.40970000e-02 -2.39521000e-01 -5.90870000e-02 8.56840000e-02
 -7.06560000e-02 -1.80408000e-01 -7.01690000e-02 5.19200000e-02
 -3.44800000e-02 -9.58080000e-02 -5.86120000e-02 2.65810000e-02
 1.79000000e-02 4.93600000e-03 -2.71080000e-02 9.70600000e-03
 7.55190000e-02 1.08990000e-01 1.64590000e-02 -1.62500000e-03
 1.25568000e-01 2.02442000e-01 6.09760000e-02 -1.20990000e-02
 1.56460000e-01 2.72974000e-01 9.48760000e-02 -2.65360000e-02
 1.60613000e-01 3.12199000e-01 1.09003000e-01 -4.82570000e-02
 1.36298000e-01 3.17120000e-01 9.88830000e-02 -7.78540000e-02
 8.80790000e-02 2.90414000e-01 6.58500000e-02 -1.12703000e-01
 2.57610000e-02 2.39500000e-01 1.67590000e-02 -1.47343000e-01
 -3.78950000e-02 1.74655000e-01 -3.76400000e-02 -1.74634000e-01
 -9.01470000e-02 1.06637000e-01 -8.52670000e-02 -1.87434000e-01
 -1.21208000e-01 4.44070000e-02 -1.15581000e-01 -1.80374000e-01
 -1.26431000e-01 -6.54100000e-03 -1.22075000e-01 -1.51301000e-01
 -1.07253000e-01 -4.48500000e-02 -1.03787000e-01 -1.02051000e-01
 -7.06470000e-02 -7.28780000e-02 -6.54730000e-02 -3.83240000e-02
 -2.72670000e-02 -9.53410000e-02 -1.64170000e-02 3.12970000e-02
 1.12680000e-02 -1.17401000e-01 3.18380000e-02 9.69890000e-02
 3.52790000e-02 -1.42725000e-01 6.82670000e-02 1.49607000e-01
 3.93910000e-02 -1.72036000e-01 8.49870000e-02 1.82461000e-01
 2.38100000e-02 -2.02527000e-01 7.91000000e-02 1.92541000e-01
 -5.81900000e-03 -2.28314000e-01 5.33020000e-02 1.80923000e-01
 -3.99200000e-02 -2.41807000e-01 1.51380000e-02 1.52295000e-01
 -6.74760000e-02 -2.35685000e-01 -2.49230000e-02 1.13712000e-01
 -7.88930000e-02 -2.04957000e-01 -5.60990000e-02 7.29020000e-02
 -6.85220000e-02 -1.48606000e-01 -6.99770000e-02 3.65230000e-02
 -3.62190000e-02 -7.03830000e-02 -6.25930000e-02 8.78500000e-03
 1.24580000e-02 2.14730000e-02 -3.54230000e-02 -9.25800000e-03
 6.74580000e-02 1.15558000e-01 4.97000000e-03 -1.95860000e-02
 1.16584000e-01 1.99381000e-01 4.85350000e-02 -2.63230000e-02
 1.48393000e-01 2.61742000e-01 8.41920000e-02 -3.43120000e-02
 1.54967000e-01 2.94872000e-01 1.02555000e-01 -4.75390000e-02
 1.33862000e-01 2.95848000e-01 9.82660000e-02 -6.77940000e-02
 8.87700000e-02 2.66981000e-01 7.13480000e-02 -9.39240000e-02
 2.87210000e-02 2.15105000e-01 2.72780000e-02 -1.21883000e-01
 -3.39900000e-02 1.49941000e-01 -2.42800000e-02 -1.45568000e-01
 -8.66480000e-02 8.19460000e-02 -7.17470000e-02 -1.58267000e-01
 -1.19067000e-01 2.01480000e-02 -1.04386000e-01 -1.54365000e-01
 -1.25916000e-01 -2.95440000e-02 -1.14871000e-01 -1.30882000e-01
 -1.07873000e-01 -6.51590000e-02 -1.01042000e-01 -8.84800000e-02
