 -8.82000000e-02
 -2.88700000e-01
 -4.67400000e-01
 -5.69200000e-01
 -5.56100000e-01
 -4.17600000e-01
 -1.74500000e-01
 1.25600000e-01
 4.19300000e-01
 6.43100000e-01
 7.48800000e-01
 7.15300000e-01
 5.53900000e-01
 3.04900000e-01
 2.81000000e-02
 -2.12600000e-01
 -3.65000000e-01
 -4.01200000e-01
 -3.24100000e-01
 -1.65900000e-01
 2.09000000e-02
 1.77500000e-01
 2.54700000e-01
 2.25700000e-01
 9.35000000e-02
 -1.09700000e-01
 -3.31100000e-01
 -5.10100000e-01
 -5.95100000e-01
 -5.56200000e-01
 -3.94000000e-01
 -1.39500000e-01
 1.53100000e-01
 4.19200000e-01
 6.00300000e-01
 6.58200000e-01
 5.84100000e-01
 4.00600000e-01
 1.55800000e-01
 -8.93000000e-02
 -2.75700000e-01
 -3.61800000e-01
 -3.33000000e-01
 -2.05300000e-01
 -2.01000000e-02
 1.66600000e-01
 2.99100000e-01
 3.36800000e-01
 2.64600000e-01
 9.71000000e-02
 -1.25400000e-01
 -3.46800000e-01
 -5.09900000e-01
 -5.71100000e-01
 -5.11300000e-01
 -3.41400000e-01
 -9.89000000e-02
 1.60500000e-01
 3.77600000e-01
 5.04000000e-01
 5.14200000e-01
 4.11400000e-01
 2.26400000e-01
 9.20000000e-03
 -1.83500000e-01
 -3.03300000e-01
 -3.21900000e-01
 -2.37900000e-01
 -7.71000000e-02
 1.14900000e-01
 2.84600000e-01
 3.84400000e-01
 3.84800000e-01
 2.82200000e-01
 9.94000000e-02
 -1.20200000e-01
 -3.23400000e-01
 -4.61200000e-01
 -5.00700000e-01
 -4.33300000e-01
 -2.76800000e-01
 -7.02000000e-02
 1.35800000e-01
 2.92300000e-01
 3.63700000e-01
 3.37100000e-01
 2.24600000e-01
 5.98000000e-02
 -1.11000000e-01
 -2.40800000e-01
 -2.94400000e-01
 -2.56500000e-01
 -1.36200000e-01
 3.63000000e-02
 2.17100000e-01
 3.60000000e-01
 4.28200000e-01
 4.03200000e-01
 2.89800000e-01
 1.13900000e-01
 -8.37000000e-02
 -2.57800000e-01
 -3.70300000e-01
 -3.98800000e-01
 -3.42200000e-01
 -2.20100000e-01
 -6.73000000e-02
 7.55000000e-02
 1.71900000e-01
 1.99500000e-01
 1.54600000e-01
 5.31000000e-02
 -7.41000000e-02
 -1.89300000e-01
 -2.58100000e-01
 -2.57800000e-01
 -1.83700000e-01
 -4.95000000e-02
 1.15400000e-01
 2.73800000e-01
 3.89500000e-01
 4.36400000e-01
 4.04300000e-01
 3.01200000e-01
 1.50600000e-01
 -1.41000000e-02
 -1.58400000e-01
 -2.54600000e-01
 -2.88200000e-01
 -2.60700000e-01
 -1.88200000e-01
 -9.65000000e-02
 -1.43000000e-02
 3.48000000e-02
 3.77000000e-02
 -4.60000000e-03
 -7.81000000e-02
 -1.59300000e-01
 -2.21700000e-01
 -2.42800000e-01
 -2.09700000e-01
 -1.22500000e-01
 5.20000000e-03
 1.50200000e-01
 2.84400000e-01
 3.81700000e-01
 4.23600000e-01
 4.03500000e-01
 3.27200000e-01
 2.11600000e-01
 8.00000000e-02
 -4.33000000e-02
 -1.38400000e-01
 -1.93700000e-01
 -2.08100000e-01
 -1.89900000e-01
 -1.54100000e-01
 -1.17600000e-01
 -9.51000000e-02
 -9.50000000e-02
 -1.17400000e-01
 -1.54500000e-01
 -1.92600000e-01
 -2.15900000e-01
 -2.10400000e-01
 -1.68000000e-01
 -8.85000000e-02
 2.01000000e-02
 1.42700000e-01
 2.60200000e-01
 3.53700000e-01
 4.07800000e-01
 4.14000000e-01
 3.72100000e-01
 2.89800000e-01
 1.81100000e-01
 6.33000000e-02
 -4.67000000e-02
 -1.35300000e-01
 -1.94500000e-01
 -2.23400000e-01
 -2.26500000e-01
 -2.13200000e-01
 -1.93900000e-01
 -1.78200000e-01
 -1.71600000e-01
 -1.74800000e-01
 -1.83100000e-01
 -1.88100000e-01
 -1.79400000e-01
 -1.47900000e-01
 -8.84000000e-02
 -1.40000000e-03
 1.05900000e-01
 2.20600000e-01
 3.25800000e-01
 4.04500000e-01
 4.42300000e-01
 4.30700000e-01
 3.69600000e-01
 2.66900000e-01
 1.37700000e-01
 1.20000000e-03
 -1.23000000e-01
 -2.18700000e-01
 -2.76300000e-01
 -2.94300000e-01
 -2.79300000e-01
 -2.43700000e-01
 -2.02300000e-01
 -1.68500000e-01
 -1.50600000e-01
 -1.49400000e-01
 -1.58600000e-01
 -1.65900000e-01
 -1.56800000e-01
 -1.18900000e-01
 -4.57000000e-02
 6.02000000e-02
 1.87000000e-01
 3.15500000e-01
 4.22300000e-01
 4.85600000e-01
 4.90300000e-01
 4.31400000e-01
 3.16100000e-01
 1.62700000e-01
 -3.30000000e-03
 -1.54600000e-01
 -2.67900000e-01
 -3.29200000e-01
 -3.36400000e-01
 -2.99400000e-01
 -2.36800000e-01
 -1.71000000e-01
 -1.22100000e-01
 -1.02600000e-01
 -1.13700000e-01
 -1.45300000e-01
 -1.79000000e-01
 -1.92600000e-01
 -1.67400000e-01
 -9.34000000e-02
 2.68000000e-02
 1.77200000e-01
 3.31700000e-01
 4.59600000e-01
 5.32800000e-01
 5.32900000e-01
 4.56000000e-01
 3.13900000e-01
 1.32300000e-01
 -5.54000000e-02
 -2.15400000e-01
 -3.21500000e-01
 -3.60800000e-01
 -3.36700000e-01
 -2.66700000e-01
 -1.77900000e-01
 -9.96000000e-02
 -5.49000000e-02
 -5.49000000e-02
 -9.57000000e-02
 -1.59200000e-01
 -2.18300000e-01
 -2.44500000e-01
 -2.16000000e-01
 -1.24300000e-01
 2.22000000e-02
 1.99400000e-01
 3.72900000e-01
 5.05600000e-01
 5.67000000e-01
 5.41200000e-01
 4.30700000e-01
 2.56600000e-01
 5.35000000e-02
 -1.38300000e-01
 -2.82800000e-01
 -3.56500000e-01
 -3.53700000e-01
 -2.87500000e-01
 -1.85600000e-01
 -8.27000000e-02
 -1.10000000e-02
 8.50000000e-03
 -2.82000000e-02
 -1.07500000e-01
 -2.01100000e-01
 -2.74500000e-01
 -2.96100000e-01
 -2.46400000e-01
 -1.24000000e-01
 5.30000000e-02
 2.50600000e-01
 4.27000000e-01
 5.42800000e-01
 5.70900000e-01
 5.03100000e-01
 3.53200000e-01
 1.53000000e-01
 -5.50000000e-02
 -2.27600000e-01
 -3.32300000e-01
 -3.54000000e-01
 -2.98900000e-01
 -1.92300000e-01
 -7.10000000e-02
 2.65000000e-02
 7.04000000e-02
 4.76000000e-02
 -3.45000000e-02
 -1.50300000e-01
 -2.62400000e-01
 -3.32400000e-01
 -3.30700000e-01
 -2.45900000e-01
 -8.77000000e-02
 1.14000000e-01
 3.16700000e-01
 4.75100000e-01
 5.52900000e-01
 5.31700000e-01
 4.16200000e-01
 2.32500000e-01
 2.24000000e-02
 -1.67600000e-01
 -2.97400000e-01
 -3.43300000e-01
 -3.03700000e-01
 -1.98800000e-01
 -6.47000000e-02
 5.61000000e-02
 1.26700000e-01
 1.25300000e-01
 5.14000000e-02
 -7.42000000e-02
 -2.14900000e-01
 -3.27800000e-01
 -3.75500000e-01
 -3.36400000e-01
 -2.11000000e-01
 -2.22000000e-02
 1.89700000e-01
 3.77100000e-01
 4.97000000e-01
 5.21700000e-01
 4.46000000e-01
 2.88600000e-01
 8.76000000e-02
 -1.09800000e-01
 -2.58400000e-01
 -3.26900000e-01
 -3.05300000e-01
 -2.07200000e-01
 -6.57000000e-02
 7.54000000e-02
 1.73900000e-01
 2.00000000e-01
 1.44400000e-01
 2.10000000e-02
 -1.36800000e-01
 -2.84900000e-01
 -3.80000000e-01
 -3.91600000e-01
 -3.09900000e-01
 -1.49100000e-01
 5.58000000e-02
 2.58100000e-01
 4.10400000e-01
 4.77300000e-01
 4.44100000e-01
 3.20500000e-01
 1.38100000e-01
 -5.74000000e-02
 -2.18500000e-01
 -3.07400000e-01
 -3.06000000e-01
 -2.20000000e-01
 -7.70000000e-02
 8.05000000e-02
 2.07000000e-01
 2.65600000e-01
 2.38200000e-01
 1.30100000e-01
 -3.15000000e-02
 -2.04100000e-01
 -3.41500000e-01
 -4.05400000e-01
 -3.76200000e-01
 -2.57500000e-01
 -7.63000000e-02
 1.24800000e-01
 2.97300000e-01
 4.00300000e-01
 4.09800000e-01
 3.25800000e-01
 1.71500000e-01
 -1.25000000e-02
 -1.78800000e-01
 -2.85200000e-01
 -3.05900000e-01
 -2.37800000e-01
 -1.00900000e-01
 6.66000000e-02
 2.18500000e-01
 3.13000000e-01
 3.23300000e-01
 2.44500000e-01
 9.55000000e-02
 -8.68000000e-02
 -2.56200000e-01
 -3.69600000e-01
 -3.98100000e-01
 -3.34200000e-01
 -1.94100000e-01
 -1.30000000e-02
 1.63600000e-01
 2.92000000e-01
 3.40900000e-01
 3.00200000e-01
 1.82700000e-01
 2.11000000e-02
 -1.40900000e-01
 -2.59600000e-01
 -3.02800000e-01
 -2.58400000e-01
 -1.37100000e-01
 3.03000000e-02
 2.00900000e-01
 3.30400000e-01
 3.85000000e-01
 3.49600000e-01
 2.31900000e-01
 6.01000000e-02
 -1.24200000e-01
 -2.76800000e-01
 -3.62000000e-01
 -3.61500000e-01
 -2.78900000e-01
 -1.38500000e-01
 2.14000000e-02
 1.58500000e-01
 2.37400000e-01
 2.39000000e-01
 1.64700000e-01
 3.66000000e-02
 -1.08900000e-01
 -2.30800000e-01
 -2.93500000e-01
 -2.76900000e-01
 -1.81300000e-01
 -2.71000000e-02
 1.49600000e-01
 3.06700000e-01
 4.06300000e-01
 4.24400000e-01
 3.56500000e-01
 2.18900000e-01
 4.38000000e-02
 -1.28200000e-01
 -2.58900000e-01
 -3.21600000e-01
 -3.07500000e-01
 -2.27400000e-01
 -1.08000000e-01
 1.51000000e-02
 1.06800000e-01
 1.42000000e-01
 1.12100000e-01
 2.64000000e-02
 -8.96000000e-02
 -2.01700000e-01
 -2.75800000e-01
 -2.86500000e-01
 -2.24400000e-01
 -9.80000000e-02
 6.74000000e-02
 2.36600000e-01
 3.72700000e-01
